   0.0099009901    0.084296833    0.084365719     -3.0880368
     0.01980198     0.15971479     0.15984531     -3.0880368
     0.02970297     0.22709086     0.22727644     -3.0880368
     0.03960396     0.28718311     0.28741779     -3.0880368
     0.04950495     0.34067817     0.34095657     -3.0880368
    0.059405941     0.38819792     0.38851515     -3.0880368
    0.069306931     0.43030564     0.43065728     -3.0880368
    0.079207921      0.4675115     0.46789354     -3.0880368
    0.089108911     0.50027757     0.50068639     -3.0880368
    0.099009901     0.52902238     0.52945469     -3.0880368
     0.10891089     0.55412501     0.55457783     -3.0880368
     0.11881188     0.57592878     0.57639941     -3.0880368
     0.12871287     0.59474466     0.59523067     -3.0880368
     0.13861386     0.61085431     0.61135349     -3.0880368
     0.14851485     0.62451285     0.62502319     -3.0880368
     0.15841584     0.63595132       0.636471     -3.0880368
     0.16831683       0.645379     0.64590639     -3.0880368
     0.17821782     0.65298545     0.65351905     -3.0880368
     0.18811881     0.65894234     0.65948081     -3.0880368
      0.1980198     0.66340517     0.66394729     -3.0880368
     0.20792079     0.66651478     0.66705944     -3.0880368
     0.21782178     0.66839873     0.66894494     -3.0880368
     0.22772277     0.66917257     0.66971941     -3.0880368
     0.23762376     0.66894094     0.66948758     -3.0880368
     0.24752475     0.66779861     0.66834432     -3.0880368
     0.25742574     0.66583145     0.66637555     -3.0880368
     0.26732673     0.66311719     0.66365908     -3.0880368
     0.27722772     0.65972628     0.66026539     -3.0880368
     0.28712871     0.65572248     0.65625833     -3.0880368
      0.2970297     0.65116359     0.65169571     -3.0880368
     0.30693069     0.64610192      0.6466299     -3.0880368
     0.31683168     0.64058487     0.64110834     -3.0880368
     0.32673267     0.63465537       0.635174     -3.0880368
     0.33663366     0.62835229     0.62886577     -3.0880368
     0.34653465     0.62171086     0.62221891     -3.0880368
     0.35643564     0.61476296     0.61526534     -3.0880368
     0.36633663      0.6075375     0.60803396     -3.0880368
     0.37623762     0.60006062     0.60055098     -3.0880368
     0.38613861     0.59235604      0.5928401     -3.0880368
      0.3960396     0.58444521     0.58492281     -3.0880368
     0.40594059     0.57634759     0.57681857     -3.0880368
     0.41584158     0.56808077     0.56854499     -3.0880368
     0.42574257     0.55966071     0.56011805     -3.0880368
     0.43564356     0.55110185      0.5515522     -3.0880368
     0.44554455     0.54241728     0.54286053     -3.0880368
     0.45544554     0.53361884     0.53405491     -3.0880368
     0.46534653     0.52471728     0.52514607     -3.0880368
     0.47524752     0.51572231     0.51614374     -3.0880368
     0.48514851     0.50664273     0.50705675     -3.0880368
      0.4950495     0.49748653     0.49789307     -3.0880368
      0.5049505     0.48826093     0.48865992     -3.0880368
     0.51485149     0.47897246     0.47936386     -3.0880368
     0.52475248     0.46962706     0.47001083     -3.0880368
     0.53465347     0.46023008     0.46060617     -3.0880368
     0.54455446      0.4507864     0.45115478     -3.0880368
     0.55445545     0.44130042     0.44166104     -3.0880368
     0.56435644     0.43177612     0.43212896     -3.0880368
     0.57425743     0.42221711     0.42256214     -3.0880368
     0.58415842     0.41262668     0.41296387     -3.0880368
     0.59405941     0.40300777      0.4033371     -3.0880368
      0.6039604     0.39336307     0.39368452     -3.0880368
     0.61386139     0.38369502     0.38400857     -3.0880368
     0.62376238     0.37400582     0.37431145     -3.0880368
     0.63366337     0.36429745     0.36459515     -3.0880368
     0.64356436     0.35457174     0.35486148     -3.0880368
     0.65346535      0.3448303     0.34511209     -3.0880368
     0.66336634     0.33507463     0.33534844     -3.0880368
     0.67326733     0.32530606      0.3255719     -3.0880368
     0.68316832     0.31552582     0.31578366     -3.0880368
     0.69306931     0.30573499     0.30598484     -3.0880368
      0.7029703     0.29593459     0.29617642     -3.0880368
     0.71287129     0.28612551     0.28635933     -3.0880368
     0.72277228     0.27630857     0.27653436     -3.0880368
     0.73267327     0.26648451     0.26670228     -3.0880368
     0.74257426       0.256654     0.25686374     -3.0880368
     0.75247525     0.24681766     0.24701935     -3.0880368
     0.76237624     0.23697602     0.23716967     -3.0880368
     0.77227723      0.2271296      0.2273152     -3.0880368
     0.78217822     0.21727883     0.21745639     -3.0880368
     0.79207921     0.20742413     0.20759364     -3.0880368
      0.8019802     0.19756588     0.19772733     -3.0880368
     0.81188119      0.1877044     0.18785779     -3.0880368
     0.82178218        0.17784     0.17798533     -3.0880368
     0.83168317     0.16797296     0.16811022     -3.0880368
     0.84158416     0.15810352     0.15823272     -3.0880368
     0.85148515     0.14823191     0.14835304     -3.0880368
     0.86138614     0.13835833      0.1384714     -3.0880368
     0.87128713     0.12848298     0.12858797     -3.0880368
     0.88118812     0.11860601     0.11870293     -3.0880368
     0.89108911     0.10872758     0.10881643     -3.0880368
      0.9009901    0.098847835    0.098928612     -3.0880368
     0.91089109    0.088966888     0.08903959     -3.0880368
     0.92079208    0.079084856    0.079149482     -3.0880368
     0.93069307    0.069201841    0.069258391     -3.0880368
     0.94059406    0.059317936    0.059366409     -3.0880368
     0.95049505    0.049433225    0.049473621     -3.0880368
     0.96039604    0.039547784    0.039580101     -3.0880368
     0.97029703    0.029661681     0.02968592     -3.0880368
     0.98019802    0.019774979    0.019791139     -3.0880368
     0.99009901   0.0098877354   0.0098958155     -3.0880368
